10
48 0
0 0 1 0 1 0 1 1 0 0 1 0 1 0 0 0 0 1 0 0 0 0 1 0 1 0 1 0 1 1 0 0 1 1 0 1 1 0 0 1 0 1 1 1 0 1 1 0
1 0 0 1 0 1 0 1 1 1 0 1 0 0 1 0 0 1 1 1 1 1 1 0 1 0 1 1 0 1 1 1 1 0 0 1 1 0 0 1 0 0 0 0 1 1 0 1
0 1 0 0 1 1 0 0 0 1 1 0 0 0 1 1 0 1 0 0 0 1 1 0 1 1 0 0 0 1 1 0 0 0 0 1 1 0 1 1 0 0 1 0 1 0 0 1
0 0 1 0 1 0 0 1 1 0 1 1 1 1 0 0 1 0 1 0 1 1 0 1 1 1 1 0 0 1 0 0 0 1 0 1 0 0 0 1 0 0 1 0 1 1 0 0
48 45
8 44 34 0 63 52 32 31 12 46 12 18 22 32 12 28 18 4 60 14 39 4 28 34 16 15 9 54 27 61 36 36 41 6 36 41 58 4 8 7 50 20 25 8 53 37 36 7
41 32 21 17 37 50 51 53 1 61 44 29 58 16 1 35 22 37 12 17 42 20 24 28 41 49 37 30 23 9 37 0 42 58 17 15 44 5 4 46 2 48 11 60 0 12 31 23
49 44 40 27 0 0 56 41 49 29 7 8 38 44 9 16 39 26 31 19 31 36 1 33 20 12 29 21 24 61 44 10 41 20 37 41 20 29 19 5 58 26 14 33 7 23 49 46
49 17 1 17 53 3 50 9 15 16 30 40 13 10 50 54 30 23 31 50 53 50 56 47 13 6 16 20 29 2 2 14 19 3 31 8 6 18 17 22 34 48 62 47 58 48 37 25
50 902440772
926305099 171198204 679661238 578276611 936562795 331443202 194793735 615738236 972534616 392294117 726311102 819341786 561258740 856874512 841729052 678138451 460862360 742848676 880586149 721586154 978257017 793091336 299266969 310571383 327377013 246187795 769569959 435691162 909431342 655228655 438131935 835736441 726426860 670309527 414013051 315506008 554269083 161323141 831244244 179320052 106133612 557555346 898661838 219908706 966946212 392907243 798047158 427808572 135755918 331149660
701911080 666529289 124240996 553694403 877100672 904134364 352398552 299186984 892341881 261829894 854415640 882990170 650082689 233358853 205816050 616612094 448864861 312601487 330451589 280109104 391921539 336585202 390180804 290583376 109010262 357127016 583490619 807057420 337451942 271762892 690723435 591879376 838292181 367480785 145573778 367909207 271615148 950488685 567096191 716473383 764834933 974028185 251979906 414917621 207387037 357795956 584046070 556251898 222913797 467014013
388877357 514835336 356115569 679058161 705418712 365125832 936185177 841425686 172183251 826153473 113188577 415423040 418032848 851480758 682903825 116122980 219389964 507035328 966611666 339002510 223508710 383962952 313030694 928004972 351396928 972934087 838317282 835442998 181702338 961231080 302457010 470579695 476066415 211088934 149637856 734001482 476214766 638339387 575427167 200914371 464492860 241132098 516337412 435042062 992612856 199241236 451165043 764519175 606276564 970293063
656038039 382301629 354256014 521585087 310306600 605652942 494519173 701140236 993612294 576221512 662371315 848585659 946801207 690954085 959674593 648955417 424955566 435889358 287294804 552899087 536803729 304304018 694031185 953141141 639346080 339160394 704898732 990511123 103679568 311175295 613320539 312233961 245993278 867576554 733819049 108816232 125745849 228338221 709956469 119358143 357076087 924844138 520460156 856393649 615798222 480134748 505349065 593270142 468540460 345160223
48 440
716 564 35 1022 784 142 123 156 391 663 693 648 620 744 631 295 317 903 867 33 892 898 57 442 849 350 610 509 49 541 952 765 81 987 764 867 106 888 0 499 528 695 122 123 414 756 420 734
636 263 767 505 138 826 948 988 151 535 474 202 51 401 970 134 365 709 1001 473 574 1004 975 77 674 74 200 64 830 621 798 444 886 542 949 1024 343 872 989 496 382 441 701 436 842 646 570 185
332 549 660 907 528 610 984 179 685 162 243 492 783 18 936 646 560 863 647 905 710 612 379 70 30 57 506 874 705 53 34 12 602 695 921 107 282 881 287 969 18 530 437 803 551 350 426 88
188 48 996 901 662 352 973 692 409 454 542 89 507 578 103 87 250 0 194 533 883 481 477 903 1014 916 681 542 244 84 630 434 132 601 312 795 955 260 462 339 714 1006 430 199 560 536 286 810
48 0
0 0 0 0 0 0 0 0 0 0 0 0 0 0 0 0 0 0 0 0 0 0 0 0 0 0 0 0 0 0 0 0 0 0 0 0 0 0 0 0 0 0 0 0 0 0 0 0
0 0 0 0 0 0 0 0 0 0 0 0 0 0 0 0 0 0 0 0 0 0 0 0 0 0 0 0 0 0 0 0 0 0 0 0 0 0 0 0 0 0 0 0 0 0 0 0
0 0 0 0 0 0 0 0 0 0 0 0 0 0 0 0 0 0 0 0 0 0 0 0 0 0 0 0 0 0 0 0 0 0 0 0 0 0 0 0 0 0 0 0 0 0 0 0
0 0 0 0 0 0 0 0 0 0 0 0 0 0 0 0 0 0 0 0 0 0 0 0 0 0 0 0 0 0 0 0 0 0 0 0 0 0 0 0 0 0 0 0 0 0 0 0
45 0
1 1 1 0 1 1 0 0 0 0 0 1 0 0 1 1 0 1 0 1 1 1 0 0 0 1 0 1 0 1 1 1 0 0 1 1 0 1 1 0 1 1 1 0 1
1 1 0 0 1 1 1 1 1 0 1 1 0 0 1 1 0 1 1 0 0 0 0 0 1 1 1 1 0 1 0 1 1 0 1 0 1 1 1 1 1 1 0 1 1
1 1 1 0 0 0 1 1 0 1 0 1 0 1 0 0 0 1 1 0 1 1 0 0 1 1 1 0 1 0 1 0 1 1 1 0 1 0 1 1 1 1 1 1 1
1 1 1 0 0 1 1 0 1 1 1 0 0 1 1 1 0 0 0 1 1 0 0 1 1 0 0 1 1 1 0 0 1 1 0 1 0 0 1 0 1 0 0 0 1
49 63
26 26 43 21 51 10 38 14 11 20 0 62 45 63 26 39 22 63 21 62 20 43 25 36 37 4 20 33 49 8 32 11 34 11 33 21 21 7 35 33 27 35 31 8 35 58 47 57 57
4 55 13 48 17 49 21 21 6 54 6 14 22 18 49 33 51 6 55 58 42 24 21 13 55 29 48 49 12 42 43 16 33 56 0 50 42 21 7 48 11 14 62 33 32 47 3 19 54
58 13 32 18 34 45 9 63 30 59 11 8 38 27 41 30 28 28 8 49 35 56 61 49 55 30 17 38 33 36 28 27 49 60 45 19 42 55 18 8 50 29 16 24 57 57 54 21 21
63 6 57 55 3 42 46 34 60 21 3 32 49 31 18 46 12 37 24 3 56 32 53 21 48 13 14 41 4 35 63 3 42 56 58 45 34 41 15 30 62 19 63 47 50 17 29 62 54
50 927325436
917392302 990638100 317094519 245861188 675006533 538709060 330758224 689667887 372862088 602116406 246399148 901316748 925218144 355170789 735026373 793265101 369598214 127372079 776394332 170759014 171790060 234772655 250099941 301197980 726258337 577621558 532502713 946934944 282826092 222372398 674260385 200218394 765526852 891354905 346079582 440533385 982580319 229354160 682717626 355442406 383986920 481633128 809275508 309205063 736803917 196818234 102470164 658918485 224190314 431380850
382193853 295980374 218669859 532293794 149694708 844928196 662431706 582197422 444379493 845257799 357086174 118639878 597992547 675129380 562511137 496588483 668179119 197607809 278458997 350896744 105566569 562445918 732529872 814842077 424167335 121850142 911660311 426637499 333284982 135850624 410534703 615478835 331830999 529204562 147772629 381525707 926649112 362720689 516239483 371028605 207978487 425842011 942184838 358487388 100971391 157212328 407592225 669150510 254820137 586051223
572563609 260386706 701013495 305093480 975228783 125180829 879459978 886889093 104334683 212744959 575256072 414869386 728223794 459603425 496590303 428512777 393645486 423239414 691233467 809884970 346784373 451728308 235726980 288969210 362732051 789214726 346181538 670324276 110881590 153518029 256375498 583445199 313904735 509905347 441055033 289133517 535086177 320515010 728538965 191937214 433259969 303795036 159322954 714000118 663398461 555913257 695029249 957043947 531669026 386262715
419445270 430969753 390507378 207688605 272455318 653239429 896903331 171153210 323563704 907784921 224671240 132455557 143746473 438575975 194877258 484801507 627709493 629963435 705316517 356248457 721900649 691092841 212559847 781223604 957609313 428474662 889653215 652638561 385518608 421322240 591417631 357480233 404808348 534441363 117685192 577263666 187680791 914588523 648416876 963760850 474889798 773088116 648732761 518636271 211664091 743610020 903437778 391889938 926089809 261270649
46 412
744 1022 592 757 84 984 96 396 654 728 407 652 968 249 743 761 551 594 40 475 938 879 899 280 877 406 968 137 406 692 549 125 691 118 884 777 77 980 148 731 686 558 360 629 807 78
368 333 675 410 808 588 264 685 870 119 66 815 256 472 482 807 599 150 925 458 927 1004 415 52 713 76 610 48 708 393 129 51 726 806 463 512 369 729 172 216 848 238 6 81 712 488
888 288 640 790 746 542 770 138 594 460 215 180 510 925 575 639 978 276 420 416 790 791 122 964 1007 971 179 1013 27 891 478 918 154 93 683 902 637 430 16 207 890 233 389 378 135 964
1017 88 217 415 506 1008 183 628 947 168 574 102 156 604 995 637 497 127 732 155 4 345 588 22 554 455 257 945 833 392 884 828 482 78 220 988 61 403 594 1011 571 145 90 730 749 60
48 0
0 0 0 0 0 0 0 0 0 0 0 0 0 0 0 0 0 0 0 0 0 0 0 0 0 0 0 0 0 0 0 0 0 0 0 0 0 0 0 0 0 0 0 0 0 0 0 0
0 0 0 0 0 0 0 0 0 0 0 0 0 0 0 0 0 0 0 0 0 0 0 0 0 0 0 0 0 0 0 0 0 0 0 0 0 0 0 0 0 0 0 0 0 0 0 0
0 0 0 0 0 0 0 0 0 0 0 0 0 0 0 0 0 0 0 0 0 0 0 0 0 0 0 0 0 0 0 0 0 0 0 0 0 0 0 0 0 0 0 0 0 0 0 0
0 0 0 0 0 0 0 0 0 0 0 0 0 0 0 0 0 0 0 0 0 0 0 0 0 0 0 0 0 0 0 0 0 0 0 0 0 0 0 0 0 0 0 0 0 0 0 0
