50
8 4526 3188 44 29 27
3 1643 1671 22 33 45
10 8191 0 10 30 60
10 9216 8704 98 1 1
1 9502 6774 22 33 45
6 7903 2052 64 9 27
7 3738 301 35 55 10
5 129 3656 46 51 3
7 8048 8981 30 65 5
6 9661 8658 94 0 6
5 709 5552 78 0 22
5 2385 1159 8 52 40
5 9216 8704 1 1 98
1 9216 8704 1 1 98
5 3478 9714 63 12 25
7 2619 9852 57 30 13
5 3541 8548 77 20 3
1 9216 8704 1 98 1
10 9216 8704 1 98 1
1 8191 0 10 30 60
10 0 8191 10 80 10
9 5844 6563 27 22 51
5 147 9672 7 68 25
5 9216 8704 98 1 1
9 337 9224 61 26 13
5 8418 8136 28 46 26
5 2085 8151 28 44 28
7 3534 7097 79 13 8
1 9216 8704 98 1 1
10 9216 8704 1 1 98
5 0 8191 10 80 10
10 9216 8704 33 33 34
8 7541 5635 70 8 22
2 8466 5959 22 33 45
5 1254 3619 77 17 6
5 9613 4254 53 8 39
6 3172 7084 55 7 38
6 903 1566 88 0 12
7 2488 4149 6 16 78
5 9216 8704 1 98 1
9 8780 6959 53 29 18
6 4623 1518 96 4 0
5 4651 3885 69 15 16
5 5355 3288 80 1 19
4 3986 6039 22 33 45
1 0 8191 10 80 10
5 8191 0 10 30 60
7 1022 9652 59 7 34
7 29 739 15 78 7
5 8418 5999 7 55 38
