10
100 20
1 32 86 86 14 80 53 40 18 56 9 99 46 91 23 16 81 73 46 72 45 15 56 33 37 85 54 58 35 5 25 87 89 10 72 2 89 76 41 6 83 1 56 80 91 78 95 24 50 93 95 95 7 2 79 95 38 84 52 72 41 76 59 29 85 82 82 25 10 74 83 92 75 38 72 17 16 18 40 17 10 86 63 68 87 41 62 24 25 65 48 65 92 6 45 76 39 26 53 48
99 5016
40 5026
24 4988
42 4960
80 5018
8 5009
71 4981
9 5042
63 5028
33 5012
39 5019
55 5020
37 4952
58 5024
24 5041
75 4977
96 4985
99 5031
28 4959
62 4992
25 10
69 52 46 91 13 55 53 35 39 91 25 70 45 55 58 95 13 84 18 74 10 43 22 75 41
18 322
9 322
15 316
23 310
7 311
3 315
17 312
1 317
14 304
3 306
18 20
49 9 15 66 83 24 60 56 51 1 48 4 84 1 68 95 75 36
12 167
15 164
1 171
3 155
17 158
17 155
1 157
14 161
16 156
2 158
15 162
6 162
8 163
2 157
10 171
6 169
5 171
8 166
1 164
2 157
939 20
15 47 58 81 70 90 65 27 97 60 39 7 3 98 72 33 58 4 58 44 24 82 68 58 72 99 72 75 95 4 66 9 50 23 41 72 64 57 98 13 16 37 71 70 86 42 55 95 45 12 38 20 94 6 29 17 4 100 91 50 55 9 58 5 31 51 28 47 7 25 59 75 13 29 44 99 22 98 93 18 10 83 38 55 40 66 23 43 18 65 93 72 73 2 28 56 52 55 2 11 32 12 85 44 92 80 94 13 30 39 82 91 73 19 45 12 37 67 6 6 31 98 77 56 52 5 11 55 11 64 65 42 75 1 38 18 81 83 30 62 73 11 52 45 82 96 8 70 14 14 75 96 63 3 51 14 59 13 69 70 76 85 63 2 86 52 19 18 87 100 79 59 63 30 56 44 77 15 65 42 28 39 89 91 93 40 4 52 4 24 21 80 61 35 81 98 87 100 15 25 99 45 83 13 26 90 8 54 5 72 95 84 62 83 74 55 74 30 6 78 5 78 9 65 12 89 62 50 40 28 74 91 24 9 3 49 50 11 54 6 34 48 90 96 83 15 2 8 44 7 37 1 36 97 65 47 86 79 97 77 6 22 19 30 30 74 30 80 84 84 85 69 83 26 64 65 41 17 25 36 23 13 36 10 10 1 57 47 79 5 75 36 26 94 65 8 67 95 87 2 30 23 70 12 49 86 29 41 54 53 76 29 17 12 38 26 64 94 24 94 50 99 29 28 44 46 35 10 92 73 63 21 95 84 32 95 21 60 35 75 64 11 3 33 74 40 58 37 86 34 82 87 32 62 14 27 7 48 36 50 20 50 70 67 33 54 61 6 65 96 80 81 58 34 13 31 25 22 19 10 55 100 97 38 13 62 64 20 10 51 69 81 100 91 47 85 96 8 90 60 55 21 40 64 6 4 46 30 26 64 92 80 15 40 70 79 1 33 98 10 84 19 91 35 61 37 71 8 96 12 67 2 84 59 65 89 62 10 71 87 25 62 19 91 1 88 70 53 72 19 63 7 89 5 42 1 93 64 8 41 76 75 42 11 85 59 100 98 20 70 37 97 83 55 87 35 94 8 87 65 79 1 72 67 5 65 68 50 80 75 42 7 1 83 18 37 93 69 35 13 90 23 9 72 29 47 6 22 7 92 38 85 93 61 3 49 77 22 50 57 49 91 63 1 26 80 38 18 100 24 30 89 46 90 60 74 37 65 47 95 9 84 31 53 45 33 1 73 7 51 29 55 41 92 55 18 23 92 36 23 67 17 11 12 7 23 85 95 39 83 89 47 67 19 99 63 3 52 35 9 2 64 15 94 7 70 12 81 13 99 3 80 15 66 43 21 88 28 67 26 10 7 25 28 77 23 42 80 74 77 40 27 92 55 73 50 76 36 30 40 34 85 71 48 50 14 21 89 93 87 66 54 46 90 82 22 65 23 1 90 51 93 69 94 99 41 43 74 76 73 65 61 9 36 8 10 49 80 98 41 19 15 94 64 57 27 85 21 2 38 62 52 82 30 98 80 22 40 5 97 64 69 9 72 4 17 81 4 48 30 44 18 97 90 81 53 16 18 25 17 7 86 21 88 68 70 19 89 9 23 38 25 43 46 48 47 14 81 50 62 62 46 79 58 35 12 10 2 81 34 19 87 72 91 26 39 60 44 79 20 18 16 96 60 62 44 58 75 76 60 88 37 5 67 95 39 30 56 40 10 42 10 48 13 52 73 3 63 68 81 83 85 97 78 96 10 73 54 84 48 13 72 37 17 90 31 7 19 38 98 80 79 60 27 43 11 51 45 74 18 78 8 54 26 37 49 35 62 54 70 9 18 93 45 86 82 27 92 52 65 42 31 43 1 57 38 63 59 82 36 76 11 95 81 88 32 82 74 93 35 44 53 53 36 50 90 70 28 82 21 44 75 52 39 75 60 76 37 19 9 25 46 20 71 27 59 2 8 33 46 94 76 51 98 63 52 88 32 79 21 5 75 95 56 13 21 67 88 57 85 96 33 83 67 4 9 78 57 68 10 55 13 37 57 11 99 8 50 83 38 70 87 12 64 94 24 84 60 63 92 97 11 77 79 29 80 39 6 88 58 15 42 70 3 98 80 54 57 29
642 440779
406 441144
825 440906
796 440553
217 440823
710 441075
761 440779
270 440699
599 440655
652 440987
204 441299
290 440801
449 441242
553 440674
383 440646
558 441284
297 441307
195 441149
411 441280
921 440704
75 20
66 37 51 23 4 59 9 2 4 1 88 59 11 67 31 23 43 86 89 76 70 89 55 4 67 92 2 62 61 99 87 26 88 90 49 43 100 57 97 55 9 36 13 71 2 95 94 96 81 82 24 2 22 78 5 88 21 58 50 82 9 88 7 96 77 7 38 28 64 34 83 24 69 95 95
72 2834
38 2833
22 2830
41 2803
17 2806
30 2796
43 2787
6 2777
22 2806
7 2832
22 2787
9 2850
29 2834
8 2847
38 2823
23 2840
21 2814
5 2809
57 2829
66 2777
991 20
22 55 86 63 85 9 59 54 90 55 52 30 88 78 33 6 37 64 45 91 36 6 86 100 35 2 31 9 45 56 52 18 10 37 80 46 45 91 52 86 45 55 16 32 84 100 89 21 63 34 11 51 91 97 50 25 50 32 85 94 40 36 12 1 72 91 47 68 33 50 54 77 4 21 60 88 72 49 8 87 82 18 89 24 14 90 48 64 21 85 9 12 20 72 13 92 15 11 59 47 60 64 76 63 36 35 50 60 35 9 46 16 27 34 39 92 75 39 7 47 75 68 59 94 39 71 37 53 81 48 52 92 11 27 54 99 61 56 58 96 64 55 63 42 40 54 86 14 44 44 60 18 11 18 63 50 40 100 54 72 47 5 63 9 31 69 7 44 24 16 91 39 70 53 33 9 58 70 22 1 13 82 70 76 51 33 77 91 32 30 62 30 87 77 38 69 45 97 12 20 64 2 10 34 7 94 94 64 63 16 17 28 49 38 3 99 22 79 41 5 60 55 34 98 83 24 67 27 72 30 98 35 84 59 68 42 53 62 57 67 29 25 94 29 63 48 79 84 78 20 89 90 26 74 87 8 97 5 86 68 87 35 3 22 93 22 63 45 35 71 64 15 96 9 43 10 9 22 93 86 93 33 27 70 7 66 29 55 22 14 75 8 48 29 29 40 50 43 37 37 14 100 51 9 60 46 18 68 19 62 54 63 47 32 32 5 97 60 59 19 73 85 26 72 13 7 63 15 1 99 51 14 50 53 74 10 98 43 77 16 5 82 78 3 14 61 7 62 20 17 80 44 2 58 67 66 16 30 80 16 80 82 82 82 87 55 91 84 98 19 52 54 53 81 56 18 42 14 79 13 30 11 9 83 20 27 49 87 8 80 2 88 14 35 69 100 90 11 35 39 81 86 44 85 19 51 2 12 64 33 24 45 95 84 28 66 63 28 52 70 59 5 9 24 40 77 23 29 39 58 19 72 95 62 56 13 12 10 24 75 94 100 71 88 35 50 53 97 77 4 67 88 60 27 11 99 4 86 27 94 43 97 65 37 58 73 2 69 82 25 95 75 24 66 14 59 15 66 7 44 21 25 83 80 52 45 31 7 30 57 100 24 6 17 61 63 41 14 84 22 38 30 48 14 47 61 24 62 78 30 57 50 7 91 81 58 35 11 16 65 20 67 88 25 83 100 39 75 13 74 96 3 4 95 16 50 55 39 63 84 20 71 85 78 61 66 35 96 28 50 12 47 69 51 23 3 3 14 78 67 87 25 69 90 20 36 92 26 26 54 62 46 77 46 23 37 11 10 84 91 11 47 89 79 98 64 82 52 77 59 18 63 35 87 5 54 74 96 80 100 1 41 97 77 38 71 14 1 80 49 91 43 96 79 73 45 42 6 96 18 16 13 33 51 51 37 4 25 32 35 24 84 27 20 61 65 90 74 65 22 74 55 16 69 85 88 13 79 94 8 96 9 73 80 11 23 16 15 47 99 1 22 35 28 41 95 44 83 20 8 56 93 14 71 62 98 10 26 76 55 86 24 16 58 55 26 32 23 92 31 73 93 52 7 72 45 1 15 79 20 74 34 13 87 56 26 84 65 3 12 72 88 87 87 97 41 12 29 63 4 59 36 48 10 42 71 6 43 85 84 14 58 17 26 96 24 3 31 41 6 42 12 45 80 98 42 21 9 22 83 64 80 70 63 41 12 33 99 6 69 82 19 78 51 97 73 74 51 4 14 8 97 25 53 77 74 46 97 35 67 31 50 98 1 13 38 64 97 88 21 18 70 91 95 20 39 68 45 90 23 11 97 19 87 1 95 61 46 91 95 12 74 44 9 26 8 99 41 5 86 61 22 55 3 68 26 42 87 23 83 9 33 79 28 19 32 22 31 77 65 25 89 90 21 49 15 28 47 55 84 33 67 57 39 21 25 17 62 11 39 44 20 23 75 99 93 58 72 24 34 36 100 22 77 20 23 91 48 69 97 31 53 15 88 44 36 64 12 49 26 2 45 97 24 71 95 68 28 67 91 61 54 91 35 31 10 57 73 9 25 70 92 30 36 79 73 71 94 84 20 19 37 64 16 60 34 62 27 61 80 70 73 34 12 7 16 21 63 88 82 40 9 73 69 45 3 93 15 96 28 86 66 64 1 33 75 34 95 53 46 74 22 19 59 33 25 74 6 40 62 87 79 22 11 99 66 13 43 33 60 22 18 25 85 19 10 11 4 4 63 2
543 491051
243 491348
384 491274
330 491060
538 490808
89 490805
667 491026
867 491284
95 491088
651 490743
344 490949
943 491124
454 490565
848 491167
397 490585
933 491120
915 491353
83 491230
447 491124
262 491075
942 20
32 15 90 6 81 55 91 42 51 88 71 65 61 37 49 43 64 89 80 2 81 45 28 93 50 23 4 19 91 1 61 74 67 3 79 48 57 22 89 7 61 11 72 21 99 72 15 63 12 46 16 45 90 44 37 91 66 92 61 8 92 22 81 11 24 12 58 32 85 98 38 45 60 61 17 59 85 31 73 48 76 88 92 17 31 80 60 48 71 20 7 15 93 88 25 68 51 34 99 35 31 37 79 42 49 47 100 33 77 72 81 4 12 72 72 94 52 83 42 74 3 48 88 47 87 12 15 37 45 13 23 27 49 1 69 98 99 20 82 75 44 62 30 55 86 54 100 89 36 41 62 90 41 50 37 79 13 51 68 58 63 90 84 64 43 4 13 41 76 46 68 19 8 49 25 45 2 24 33 38 17 94 79 57 95 15 87 8 17 54 65 32 44 100 95 86 56 59 26 31 56 45 1 63 94 77 59 95 52 91 84 68 37 63 76 31 29 63 38 46 16 54 77 59 6 23 96 61 33 74 43 88 18 43 3 11 71 61 58 22 4 93 90 40 7 17 22 36 79 60 81 47 13 9 57 70 31 53 30 15 26 72 2 95 66 4 58 36 17 15 58 20 7 99 11 14 15 32 1 46 43 33 92 8 41 48 77 23 100 7 37 77 30 90 24 96 94 81 83 62 95 40 33 53 90 43 18 5 26 18 50 69 2 93 76 42 40 52 64 92 10 52 20 40 42 43 87 87 23 69 48 69 61 32 74 50 26 91 6 51 61 7 19 62 99 46 56 91 50 71 82 11 23 53 2 16 96 88 2 70 9 1 91 21 32 64 70 57 6 28 7 18 34 78 32 85 75 87 75 76 9 8 87 83 60 40 98 7 80 99 29 88 51 19 8 82 34 29 90 91 8 49 61 94 78 92 78 52 30 4 80 90 11 18 73 22 57 70 29 36 21 9 75 71 79 82 53 12 63 94 54 22 42 14 15 19 57 92 23 38 95 2 28 57 71 100 79 27 21 59 63 41 67 37 12 97 71 16 8 85 9 13 6 51 79 21 21 35 64 43 73 59 96 52 67 66 51 45 45 23 55 59 64 21 95 75 69 17 42 76 53 50 41 59 52 19 31 73 5 94 67 77 4 15 80 71 32 82 67 76 5 22 34 68 94 81 94 63 49 35 90 2 84 30 12 88 100 42 12 5 87 30 33 91 44 13 13 76 94 31 51 50 52 37 17 98 17 10 60 65 96 1 18 32 83 29 19 82 70 82 86 9 11 71 51 55 83 63 82 28 45 84 78 97 20 46 46 88 8 5 5 3 57 22 86 39 51 4 73 72 37 10 80 48 80 82 54 14 44 87 42 89 70 71 37 42 16 82 81 75 38 85 78 46 7 63 37 9 19 9 80 55 18 12 54 50 93 59 63 89 45 56 29 15 78 17 8 94 50 88 20 87 73 49 84 31 64 20 39 82 28 70 88 98 81 94 99 26 52 61 14 97 69 94 63 46 10 70 91 59 9 11 97 33 59 80 63 22 52 53 55 79 23 95 28 55 88 26 80 39 39 45 35 7 38 49 52 99 70 95 9 79 5 5 63 15 37 78 89 88 30 43 18 4 37 98 59 24 23 90 15 61 35 49 19 24 50 23 75 19 17 83 49 73 40 12 39 28 89 27 67 18 70 84 22 58 81 32 82 56 21 48 68 7 48 39 31 97 61 57 16 29 39 64 53 30 75 91 57 15 18 23 33 39 59 6 96 91 37 29 46 9 76 66 16 24 4 98 20 16 54 87 44 44 51 96 74 77 86 30 92 55 53 76 93 63 33 89 53 69 17 99 77 45 16 44 68 19 41 39 34 94 26 29 38 28 24 63 56 61 92 99 68 96 26 60 58 58 100 63 78 69 61 7 13 28 50 32 46 91 70 31 36 47 59 25 26 34 87 82 46 79 32 13 26 58 25 36 15 24 98 93 92 10 99 56 37 48 87 34 90 57 64 26 55 74 2 81 59 89 14 56 19 45 21 44 2 45 31 69 20 28 61 64 37 11 19 25 10 6 58 100 14 73 77 68 98 78 48 56 18 61 12 36 6 32 32 59 28 62 27 47 90 39 10 78 49 29 3 11 86 60
788 443291
741 443326
456 443276
505 443516
824 443811
764 443825
128 443361
42 444065
908 444111
623 443572
937 443930
521 444049
71 443941
391 443581
725 443514
881 443584
906 444071
455 443389
18 444136
460 443313
929 20
46 55 1 32 38 56 25 52 72 49 61 29 11 31 63 21 81 100 94 68 48 79 53 80 2 55 93 95 75 48 24 72 2 76 3 92 83 80 43 54 28 3 34 38 85 97 10 17 48 55 36 95 34 88 74 87 95 18 33 69 65 8 40 67 83 94 10 66 73 52 71 100 7 57 89 43 53 99 60 52 53 47 46 38 35 71 76 29 40 8 49 57 15 40 75 98 33 84 15 6 35 37 5 41 93 46 84 45 44 95 48 48 41 93 86 27 15 61 7 55 21 55 63 35 94 37 84 79 20 98 84 6 35 40 47 27 85 82 24 80 28 71 28 20 16 65 99 82 25 5 88 97 12 50 32 57 86 15 35 5 65 18 11 51 10 9 29 94 42 4 74 21 27 53 92 94 17 90 75 93 95 63 90 58 12 21 14 50 87 49 6 3 18 68 53 27 28 34 73 21 37 98 41 63 50 33 56 18 74 83 10 68 45 99 77 8 71 91 57 10 91 15 12 8 82 17 87 10 50 59 30 38 8 23 53 57 7 60 26 80 42 35 100 38 86 76 46 8 66 54 17 8 68 81 16 2 49 2 11 50 12 92 87 19 66 91 27 72 51 4 4 44 38 3 82 75 30 27 35 48 32 51 55 52 83 70 53 31 23 15 32 86 58 71 56 24 61 34 95 11 37 50 55 27 52 88 53 82 66 87 81 97 90 35 100 72 57 4 55 31 18 86 17 28 56 24 51 17 58 97 79 46 47 85 72 50 72 25 83 37 11 63 86 100 98 37 24 6 41 78 36 10 15 4 37 23 28 39 91 85 88 69 30 34 6 54 35 29 30 18 18 40 32 55 92 81 91 67 86 31 96 74 41 10 77 77 32 4 68 74 40 55 95 22 40 100 75 74 80 4 43 97 95 27 51 38 7 42 4 45 72 51 18 64 61 46 41 44 50 60 70 41 14 64 62 53 15 88 78 94 43 21 91 90 99 93 79 5 86 35 1 58 85 70 21 97 16 13 93 17 72 62 9 37 25 71 89 39 10 19 32 5 91 74 94 89 67 24 45 52 58 46 61 43 67 34 91 82 98 83 50 22 44 59 58 68 81 99 58 42 17 90 46 7 15 91 47 81 15 91 85 72 88 97 66 55 30 9 88 80 91 90 1 35 48 10 54 80 60 12 21 28 53 67 34 67 9 32 100 23 23 36 47 10 32 64 16 14 72 4 93 63 45 45 49 92 54 54 23 66 17 43 93 21 61 27 88 70 10 39 44 32 74 90 94 5 6 61 70 77 64 62 91 60 6 91 3 12 45 25 77 13 20 69 34 32 47 73 1 57 11 97 40 36 38 33 92 43 94 62 20 9 23 10 69 81 1 23 44 97 48 20 9 67 40 94 98 39 66 51 95 76 47 86 63 36 71 55 79 16 16 98 24 90 59 44 22 11 67 65 59 66 36 20 84 28 13 81 66 79 83 12 6 81 97 69 17 67 75 95 34 90 44 10 31 54 53 53 17 71 69 75 88 5 94 71 32 7 4 49 37 86 60 94 67 8 62 35 27 36 29 60 77 24 69 8 77 74 12 45 96 80 20 84 36 65 6 67 23 9 67 59 95 26 53 13 86 66 47 12 54 75 71 82 50 92 89 26 65 52 71 60 32 42 95 19 6 1 38 81 9 4 39 55 30 43 67 67 61 13 78 14 87 100 95 88 91 36 14 7 39 36 19 22 29 13 41 86 65 78 66 74 81 57 28 62 99 47 28 11 59 5 24 98 57 71 85 47 58 50 6 96 85 24 18 65 88 58 51 53 35 16 78 67 72 57 29 23 3 56 33 62 13 9 59 21 31 43 19 88 93 24 35 29 47 4 94 35 13 96 87 99 11 16 66 35 72 46 57 75 1 89 36 65 97 46 85 79 40 4 18 84 27 53 13 26 8 58 12 21 5 50 19 15 65 36 1 36 81 57 10 34 98 97 98 46 94 35 25 34 38 42 17 16 94 81 41 54 90 52 74 94 1 44 61 17 80 61 53 12 18 14 45 15 63 95 60 56 29 36 89 18 78 58 33 23 38 26 76 28 29 1 73 82 45 33 98 76 94
922 431273
120 431519
73 431542
487 431976
311 431568
618 431595
215 431685
764 431668
433 431721
714 431937
372 431830
8 431560
98 431523
357 431758
92 431696
156 431901
258 431711
551 431656
718 431694
523 431702
980 20
82 58 58 8 62 92 66 36 16 50 90 18 66 93 93 11 91 1 57 65 5 53 29 72 68 76 14 64 100 48 45 33 57 2 40 18 94 57 6 9 6 95 78 71 87 71 33 30 23 90 46 27 94 74 98 14 49 64 77 100 63 21 84 20 75 75 89 20 31 94 80 89 41 57 11 79 27 96 8 49 85 5 28 30 78 25 95 78 40 72 29 3 44 12 22 70 38 62 89 69 8 68 9 48 25 19 78 3 14 86 4 50 90 31 32 20 7 26 49 47 49 78 49 93 89 22 14 79 35 3 47 42 70 55 89 46 25 19 49 39 4 52 40 45 34 71 16 40 97 65 86 45 42 86 89 82 59 3 60 94 57 58 35 26 64 76 24 89 94 24 79 49 75 18 45 8 41 13 99 37 77 85 33 70 22 74 3 81 76 15 74 32 72 60 9 88 87 84 76 80 7 6 80 33 75 77 92 15 89 91 3 17 75 88 86 96 61 88 28 88 54 53 19 26 13 79 13 99 15 40 31 21 45 62 54 71 38 45 86 78 35 40 94 61 27 31 9 87 71 36 74 24 89 44 1 53 75 13 3 89 4 85 9 100 47 14 71 36 11 56 14 97 95 59 58 22 42 18 60 12 53 34 87 93 77 88 97 51 52 100 91 56 84 52 55 30 65 25 18 27 32 83 24 79 41 33 52 34 2 11 45 6 44 32 99 73 19 95 75 22 46 66 77 30 17 84 11 33 60 28 60 44 10 35 22 3 19 73 36 20 35 33 25 79 64 75 3 34 22 77 55 67 94 84 96 62 67 7 95 78 34 6 21 96 40 42 98 10 66 85 29 1 17 5 31 32 80 85 17 53 61 72 19 7 7 67 68 25 73 62 2 58 19 75 5 10 16 2 19 34 39 99 86 55 4 68 87 35 52 3 87 64 26 57 70 84 23 90 8 47 51 62 5 22 36 9 31 3 63 50 36 1 48 21 7 51 40 45 37 91 48 75 55 25 32 76 9 54 65 68 53 68 29 57 89 64 17 19 67 31 68 2 83 68 75 90 70 14 34 7 57 33 81 11 10 12 86 18 18 51 85 70 18 14 78 6 29 46 76 95 29 44 49 11 11 23 52 80 88 38 38 44 22 19 6 31 82 44 100 51 94 85 72 63 50 49 20 78 47 95 25 75 90 73 37 100 47 41 32 86 78 21 82 99 91 87 82 25 30 81 75 75 17 47 37 66 47 8 96 45 3 20 19 44 44 8 96 90 48 27 75 25 99 56 75 90 95 56 14 24 37 40 51 53 38 39 71 85 47 18 81 1 89 100 44 32 59 39 73 6 17 47 82 16 55 8 57 49 64 22 24 52 61 74 56 99 13 78 35 11 95 15 11 83 66 6 66 24 45 38 81 13 37 62 80 91 70 36 91 85 9 14 36 70 40 43 20 52 73 6 62 67 20 24 2 38 29 19 13 73 57 94 38 93 55 17 35 76 5 25 60 65 90 47 34 29 42 5 80 14 10 93 80 30 16 33 19 45 52 31 69 60 24 58 52 31 27 38 6 83 62 18 47 51 64 81 80 57 37 11 70 47 56 2 76 23 34 46 19 37 76 40 96 52 97 99 82 23 36 39 5 49 56 4 100 72 36 31 28 72 93 50 18 100 51 45 23 36 90 41 25 66 80 72 17 29 71 50 51 58 88 8 59 96 11 10 19 98 92 98 69 84 47 87 36 49 31 58 85 73 50 9 38 82 80 6 10 2 55 12 12 94 19 70 89 81 31 59 30 22 57 99 5 55 37 92 4 19 49 88 91 51 48 80 32 79 85 41 33 91 4 44 85 23 65 25 55 95 84 85 16 92 35 72 46 71 16 1 41 16 88 32 66 87 11 49 66 48 41 50 38 45 45 74 19 61 99 73 55 34 9 22 77 43 45 22 65 60 75 6 28 14 37 93 1 99 42 18 46 34 67 36 78 63 9 96 23 7 69 29 92 29 50 68 72 46 42 36 58 16 93 85 29 81 29 29 80 22 98 77 56 16 64 33 78 73 29 100 31 49 28 23 77 29 42 100 27 83 88 84 98 80 20 27 61 48 7 92 70 57 20 25 72 84 9 50 8 37 49 38 37 29 12 14 57 54 65 83 36 52 66 86 84 37 64 96 85 70 87 6 26 58 30 50 93 38 99 100 27 99 38 63 27 49 28 84 2 93 66 90
904 480147
15 480084
912 480553
214 480375
539 480359
861 480394
30 480409
466 480169
532 480147
362 479761
402 480420
92 479922
11 480651
304 480686
624 480190
794 480144
216 479731
326 480543
117 480000
615 480036
902 20
88 51 72 29 88 85 12 71 98 21 5 48 45 13 51 96 8 55 39 68 100 77 64 19 94 31 27 85 5 93 87 92 96 10 73 83 94 36 54 92 9 58 91 53 22 41 48 29 47 38 96 46 14 11 16 8 93 42 44 50 35 30 41 30 39 65 12 84 53 17 75 61 26 18 13 47 10 12 27 9 49 75 6 62 85 22 21 30 15 16 79 49 45 71 30 35 88 94 19 40 62 45 100 88 14 64 86 76 75 13 84 23 39 89 36 75 62 9 4 77 24 82 77 21 5 59 7 92 52 77 31 13 74 30 52 87 93 38 62 19 2 97 41 92 38 28 66 99 88 70 27 12 3 4 84 7 62 90 50 65 67 80 77 40 61 81 78 53 70 92 71 71 88 63 62 25 43 79 76 30 100 2 41 3 5 76 61 18 66 11 82 32 42 11 23 3 91 100 7 60 91 78 82 31 92 95 55 34 73 82 64 73 84 56 27 40 32 87 58 97 49 91 80 43 1 2 45 43 53 51 54 44 80 35 74 72 81 80 57 54 14 20 26 97 28 52 88 59 90 45 7 91 36 38 33 88 91 29 83 43 79 36 38 11 23 63 82 3 95 38 56 8 10 33 4 89 84 91 99 26 88 5 16 75 94 100 14 84 28 96 78 58 84 16 68 6 30 1 8 24 91 16 31 100 48 86 88 84 29 86 9 16 42 76 42 87 75 55 70 2 3 99 11 86 14 79 91 96 79 50 19 69 17 50 20 65 87 59 100 15 96 8 82 89 83 23 75 9 30 96 62 32 95 72 17 60 2 7 55 81 8 74 1 25 75 21 89 61 79 40 28 27 47 9 15 81 32 90 41 61 85 2 92 31 73 60 91 27 66 45 7 73 70 7 97 96 79 37 57 10 76 84 36 74 44 2 6 75 91 46 87 28 47 30 58 72 89 100 98 6 97 56 31 66 14 79 62 45 16 70 54 43 5 41 69 48 42 74 75 85 72 13 12 70 43 21 93 83 21 90 89 17 97 19 34 63 97 47 7 64 68 12 59 72 52 27 72 45 52 98 29 23 10 92 45 4 13 37 87 33 79 27 1 75 45 34 37 93 81 43 57 48 54 67 72 57 45 95 2 96 92 82 71 53 74 15 9 86 51 47 70 29 73 70 56 69 3 92 61 35 87 69 83 92 35 6 1 79 100 54 27 43 35 49 47 8 63 55 93 65 1 62 46 25 31 1 93 86 44 54 20 82 74 54 26 61 59 26 39 10 79 17 4 13 65 51 73 79 57 65 96 10 79 41 34 61 41 27 98 36 32 18 18 5 71 43 65 82 20 56 43 98 72 47 62 89 49 86 19 5 3 14 66 81 54 100 93 46 78 91 82 9 60 51 13 82 45 30 63 64 85 58 13 8 4 26 48 52 12 67 8 14 80 74 46 86 25 38 31 2 28 64 10 39 66 74 21 10 3 35 25 39 92 37 99 95 63 46 98 26 64 58 39 96 31 84 81 55 21 63 8 1 27 17 39 44 42 11 54 45 46 78 35 37 67 33 84 81 31 33 6 94 90 44 89 72 79 21 78 99 84 85 51 62 53 42 5 95 52 10 91 49 88 25 38 6 10 21 86 92 5 43 37 95 86 26 66 16 98 96 66 81 80 17 94 33 10 99 79 13 8 69 62 47 93 99 52 54 71 89 45 75 31 82 21 68 59 39 83 56 34 49 89 13 17 82 97 26 32 75 90 40 43 51 38 88 1 90 93 23 30 38 98 61 71 18 80 81 56 63 88 41 63 76 54 79 10 2 56 41 77 45 32 71 48 70 10 100 11 55 23 92 44 72 4 14 41 84 94 49 46 33 89 60 9 94 90 70 96 45 62 24 41 46 46 40 15 8 40 77 62 14 20 5 85 24 18 77 7 63 25 4 95 14 63 55 7 52 76 2 48 38 77 40 83 23 80 49 30 71 77 91 36 96 95 72 19 64 48 77 78 73 80 24 86 94 31 44 97 6 46 96 43 22 36 77 96 67 25 25 37 53
461 406732
99 406657
139 406957
164 406536
898 406647
140 406377
113 406729
285 406823
89 407189
686 407000
347 406791
727 407034
27 407133
486 406848
711 407160
476 406984
615 406680
866 406745
627 406468
80 406876
