Case #1:
9181752
9234951
9049278
8915869
9193033
9151341
9013834
9317017
9243968
9165621
9200073
9204388
8878620
9224178
9311638
8994531
9031249
9256714
8911645
9067058
Case #2:
145496
145939
138841
131925
133807
138182
134409
140401
126402
128789
Case #3:
47801
45423
51218
39886
41227
39364
41110
43359
40023
41750
43993
44378
45044
41109
51056
49574
51203
47231
45838
41109
Case #4:
6876703842
6893402992
6882468545
6866485155
6878717029
6890211350
6876697177
6873095220
6871094401
6886178753
6900599810
6877716163
6897937320
6871954823
6870697151
6899887526
6900971937
6893639410
6899707036
6873289901
Case #5:
3935515
3933788
3923182
3826320
3837442
3802260
3770765
3737321
3837383
3930646
3771401
3998308
3937746
3986638
3897413
3960053
3865593
3848041
3918123
3735222
Case #6:
8004593313
8018767479
8015219139
8005027606
7993107308
7992977391
8003402297
8015674875
8006361223
7990041863
7999769873
8008038963
7981693703
8010091202
7982632763
8007849440
8018978315
8013122544
8008064307
8005741202
Case #7:
7012892030
7014487991
7012226689
7023174219
7036723277
7037374678
7016105468
7048573662
7050701151
7025734041
7042234893
7047811379
7042782952
7026156860
7023071485
7026269081
7048820830
7017373369
7051915298
7013910116
Case #8:
6749963744
6761107980
6762151916
6782047234
6763327894
6764542736
6768659617
6767860372
6770298218
6780223352
6775300192
6762969480
6761289623
6771994949
6769164002
6778578913
6769846578
6767324352
6769050221
6769425770
Case #9:
7732143257
7729200124
7751510505
7743006013
7742231910
7743885542
7744632658
7733207470
7732163666
7714025990
7745151195
7721574845
7756288267
7757990608
7734194792
7732008260
7712627764
7751056908
7725241140
7726920431
Case #10:
6386373118
6382983490
6396646370
6377519109
6382495378
6370375874
6386246683
6390518530
6407356427
6398599387
6389059382
6400161002
6404757229
6391651029
6405985837
6397875200
6384007453
6386940109
6374441932
6392940320
