100
15234768
15234768
15234768
15234768
15234768
15234768
15234768
15234768
15234768
15234768
15234768
15234768
15234768
15234768
15234768
15234768
15234768
15234768
15234768
15234768
15234768
15234768
15234768
15234768
15234768
15234768
15234768
15234768
15234768
15234768
15234768
15234768
15234768
15234768
15234768
15234768
15234768
15234768
15234768
15234768
15234768
15234768
15234768
15234768
15234768
15234768
15234768
15234768
15234768
15234768
15234768
15234768
15234768
15234768
15234768
15234768
15234768
15234768
15234768
15234768
15234768
15234768
15234768
15234768
15234768
15234768
15234768
15234768
15234768
15234768
15234768
15234768
15234768
15234768
15234768
15234768
15234768
15234768
15234768
15234768
15234768
15234768
15234768
15234768
15234768
15234768
15234768
15234768
15234768
15234768
15234768
15234768
15234768
15234768
15234768
15234768
15234768
15234768
15234768
15234768
