100
2 3 2
1 1 1
2 1 2
3 2 3
3 37 3
38 6 38
39 8 39
1 100 1
4 29 4
27 6 27
1 3 1
27 3 27
3 3 3
6 9 6
42 2 42
7 17 7
27 10 27
23 8 23
33 6 33
39 4 39
44 2 44
57 5 57
18 4 18
71 6 71
79 9 79
1 33 1
48 5 48
86 5 86
64 7 64
20 12 20
100 3 100
20 11 20
11 7 11
10 15 10
8 4 8
3 4 3
2 51 2
90 4 90
2 53 2
8 14 8
10 5 10
2 4 2
92 5 92
83 9 83
8 6 8
4 3 4
73 7 73
23 6 23
10 1 10
14 7 14
66 1 66
100 9 100
2 20 2
5 7 5
72 7 72
2 31 2
20 10 20
1 4 1
59 3 59
56 1 56
10 18 10
3 11 3
100 2 100
1 87 1
63 7 63
1 2 1
4 2 4
2 59 2
1 58 1
49 9 49
8 1 8
58 9 58
99 2 99
21 6 21
34 8 34
51 7 51
1 81 1
100 1 100
48 3 48
22 1 22
1 67 1
73 1 73
66 6 66
100 5 100
31 3 31
80 8 80
4 1 4
3 1 3
34 3 34
1 27 1
4 4 4
2 2 2
66 9 66
4 21 4
100 4 100
55 9 55
4 26 4
1 24 1
44 10 44
14 12 14
