100
5 5
264 815 357 118 470
923 690 32 973 841
415 353 495 409 254
270 591 661 979 572
411 224 939 692 522
3 3
267 369 71
940 40 898
854 687 802
10 10
616 57 746 993 909 919 508 399 786 558
560 155 852 409 32 542 812 889 410 657
891 641 434 624 839 167 822 865 896 596
177 408 613 97 544 951 593 592 593 221
593 456 127 495 943 620 689 39 15 351
335 90 753 193 260 287 247 748 912 690
194 332 669 115 810 347 67 124 422 872
343 595 274 223 407 933 850 931 201 736
566 610 45 227 482 461 251 345 338 181
111 23 211 764 812 850 424 866 722 953
5 5
521 606 762 179 630
762 67 474 681 643
12 858 769 119 799
691 489 225 115 289
280 274 226 432 250
3 3
781 383 921
723 633 721
140 108 336
10 10
138 634 497 53 856 312 351 96 143 235
17 649 919 725 418 118 232 183 463 579
795 451 974 64 274 637 761 276 836 554
425 113 734 662 626 715 59 168 69 83
618 151 838 983 104 77 70 573 623 525
674 372 691 986 792 238 556 343 166 872
671 995 721 447 80 849 819 220 190 189
644 957 265 149 214 941 125 362 583 964
972 211 856 871 984 905 91 577 384 544
890 992 872 825 674 72 62 69 606 268
5 5
91 540 277 71 995
358 30 817 510 11
70 726 375 335 481
408 990 991 414 770
802 691 798 283 497
3 3
360 122 12
665 951 663
415 6 816
10 10
482 48 438 460 761 219 730 359 774 582
197 992 198 310 553 55 742 126 700 679
458 148 778 658 979 604 377 373 656 864
200 677 507 689 643 271 158 106 541 948
493 712 32 467 860 872 535 952 265 187
935 4 796 839 797 385 420 435 743 309
820 338 403 217 388 221 359 681 251 821
502 425 85 908 948 563 736 583 362 654
249 707 46 902 107 39 754 9 815 9
49 493 728 144 927 798 788 310 874 225
5 5
941 562 13 603 745
785 703 420 842 554
882 544 339 176 462
151 171 694 789 237
96 378 558 58 63
3 3
805 530 124
8 686 249
95 271 318
10 10
707 53 267 830 721 541 433 542 412 210
70 904 892 88 758 186 394 966 485 276
663 842 420 971 179 658 996 605 65 662
112 87 756 123 533 643 852 275 221 465
577 677 589 299 625 652 123 891 611 392
280 481 574 315 303 586 31 50 135 271
465 340 3 307 18 952 58 1 73 950
693 565 148 672 475 196 106 875 200 230
70 739 976 769 410 240 323 427 759 360
222 816 901 535 708 18 688 663 560 319
5 5
777 551 243 605 317
501 128 861 855 421
967 494 319 308 650
833 433 65 502 190
477 888 836 239 672
3 3
544 86 430
318 348 909
281 846 571
10 10
485 477 192 307 221 99 287 916 713 640
372 413 56 831 875 42 910 790 211 657
350 943 127 954 656 500 432 46 325 465
696 889 190 37 823 243 458 552 426 373
279 598 111 346 224 927 646 545 121 443
421 781 163 368 365 499 887 251 725 847
422 902 84 827 504 541 504 569 165 833
140 866 415 622 656 813 657 595 175 497
347 905 417 26 508 499 246 86 576 776
313 882 981 659 180 284 282 25 209 391
5 5
844 646 275 111 990
649 944 359 599 532
250 169 488 125 525
636 383 758 879 271
432 383 425 880 975
3 3
108 149 381
526 419 838
830 648 739
10 10
94 809 223 150 379 159 414 409 216 109
586 689 419 92 440 250 101 140 673 678
479 844 243 859 393 373 558 457 393 333
532 35 773 910 606 231 300 50 65 378
228 60 808 974 203 302 12 848 769 361
219 1 251 945 306 350 102 162 680 971
246 124 584 86 279 397 86 258 391 69
555 66 977 623 668 718 452 762 674 445
477 5 886 123 927 411 942 435 706 820
781 802 891 7 39 635 795 679 784 527
5 5
154 243 847 426 100
335 928 295 526 537
878 225 894 45 157
318 925 563 598 683
177 685 826 382 28
3 3
28 412 370
341 271 202
890 327 904
10 10
892 829 376 218 497 88 961 296 585 784
478 130 57 214 86 649 89 972 180 984
898 45 747 426 714 618 632 955 902 316
959 172 218 990 572 245 301 189 205 82
643 508 913 256 758 51 446 826 844 3
676 915 297 57 840 400 652 181 45 526
15 354 902 854 346 678 536 608 25 621
843 428 914 464 684 141 30 343 152 290
797 429 872 438 393 86 515 249 193 805
327 838 479 570 697 837 595 777 794 46
5 5
942 375 985 409 697
704 836 510 50 994
899 515 622 850 803
542 587 317 591 330
63 234 947 920 469
3 3
565 214 755
710 764 773
68 980 610
10 10
78 807 208 146 484 797 661 525 967 238
712 560 411 905 752 806 542 514 2 640
171 57 345 539 958 225 721 772 58 902
662 582 38 138 788 423 702 877 124 132
609 272 755 621 447 126 64 846 894 387
740 934 29 196 858 353 839 381 51 20
795 383 729 334 9 376 180 866 81 855
628 770 486 484 904 62 828 536 545 44
370 849 140 566 486 667 594 19 618 586
187 142 366 733 513 270 395 829 349 745
5 5
501 756 603 307 269
33 979 525 885 783
83 816 759 949 708
555 70 359 528 126
248 726 255 176 664
3 3
868 275 775
529 378 424
851 692 616
10 10
374 360 133 542 13 109 147 531 517 553
630 167 694 585 648 551 567 171 909 518
988 222 592 983 847 987 48 363 817 313
160 247 252 914 914 479 273 765 649 61
618 678 497 944 769 108 375 599 412 363
142 687 210 996 115 541 384 320 403 484
976 418 15 672 512 266 519 277 581 345
629 481 89 737 342 781 951 11 200 32
276 908 385 445 305 832 26 159 522 883
360 994 490 234 71 623 705 641 827 776
5 5
686 721 83 526 686
773 950 450 368 897
968 30 750 925 398
932 693 917 149 325
478 499 525 326 820
3 3
489 283 156
742 105 849
734 929 657
10 10
180 326 935 573 66 901 814 371 608 744
419 837 541 643 636 858 439 319 450 28
902 741 682 870 689 671 389 464 933 515
117 214 343 137 300 261 500 991 921 104
524 542 416 903 919 569 280 380 426 327
409 664 163 727 528 552 529 342 933 15
838 843 937 445 928 418 443 943 117 993
877 900 476 458 21 980 120 27 998 16
6 168 798 30 265 516 41 969 874 140
46 553 441 735 841 904 287 629 968 768
5 5
352 162 805 424 757
582 884 674 652 477
76 357 236 232 787
49 644 252 1000 217
213 719 889 643 100
3 3
557 242 373
790 26 908
419 738 768
10 10
203 862 182 240 252 42 959 626 489 10
325 661 453 84 778 921 103 129 47 860
856 166 143 239 811 488 949 751 926 150
334 807 186 732 235 925 249 743 151 896
371 107 152 340 272 873 407 301 271 221
226 684 756 935 100 916 174 824 7 96
109 698 970 721 317 194 699 760 226 458
825 433 208 164 391 945 943 504 462 968
900 308 748 74 264 969 786 997 297 974
320 273 638 633 907 842 799 315 55 405
5 5
589 72 58 658 346
31 841 649 485 484
754 138 176 818 436
507 225 90 819 965
553 558 942 826 1
3 3
412 428 763
235 255 231
105 89 457
10 10
315 870 116 881 669 501 425 56 683 109
131 626 661 694 202 866 58 213 876 867
147 389 516 792 323 158 367 852 6 204
971 661 288 948 793 777 157 71 279 194
578 32 332 245 561 615 823 139 512 304
558 881 838 57 641 92 295 123 698 290
746 34 717 492 849 361 410 78 848 11
219 497 604 876 686 594 709 771 422 839
881 220 848 128 794 343 376 14 753 496
36 228 729 239 699 199 66 252 183 902
5 5
646 892 338 382 726
338 227 459 969 789
638 859 582 596 459
9 26 337 97 875
199 388 531 384 236
3 3
844 392 927
812 531 276
939 419 21
10 10
747 885 905 211 857 834 73 18 669 45
145 35 379 751 267 565 21 336 704 860
519 947 131 634 697 666 437 60 16 846
935 949 999 778 364 174 706 474 25 21
22 336 2 500 17 158 261 117 595 22
741 470 919 87 548 908 792 111 923 337
798 130 21 581 979 8 943 396 127 731
797 963 699 935 141 369 13 456 160 475
476 960 311 753 989 37 810 337 191 517
193 7 328 149 995 636 739 990 466 946
5 5
565 509 274 74 661
612 335 380 768 678
728 322 998 428 711
231 712 507 8 346
867 928 716 361 214
3 3
510 916 593
615 858 943
540 262 978
10 10
633 147 657 74 707 813 992 806 24 859
655 87 944 505 357 358 555 677 633 881
660 544 401 103 834 471 546 375 693 171
41 407 293 62 843 985 241 749 438 388
748 293 377 268 510 82 261 221 409 883
166 322 134 409 822 463 868 366 495 766
65 187 576 426 984 771 879 129 307 672
561 815 256 302 171 68 696 757 48 418
948 116 310 317 378 551 738 484 96 38
321 912 401 923 330 422 167 195 740 472
5 5
947 535 797 451 588
626 890 737 237 148
15 443 207 273 458
684 527 239 243 656
424 523 439 47 362
3 3
458 577 411
116 263 184
699 323 23
10 10
917 496 698 1000 882 71 571 853 339 33
766 161 538 489 869 887 59 303 983 672
968 592 32 399 455 184 467 267 538 930
329 148 974 897 740 739 308 95 914 758
600 442 173 261 203 198 70 813 919 541
871 86 820 223 46 827 830 708 252 104
171 189 188 497 232 401 588 310 74 403
178 774 265 326 614 749 488 829 23 430
600 220 699 881 918 378 471 600 229 32
288 255 325 210 165 280 285 24 424 788
5 5
158 970 273 399 272
855 874 97 779 659
762 139 634 883 82
157 575 673 773 456
27 436 463 983 858
3 3
6 4 230
78 878 507
800 901 377
10 10
53 421 539 426 53 967 77 944 32 47
91 25 867 111 456 284 258 970 880 434
945 204 124 828 738 475 145 105 621 155
63 247 101 475 211 914 872 968 924 286
268 474 544 764 67 595 16 120 725 748
649 821 957 779 16 401 859 133 165 305
282 610 877 310 71 136 159 782 925 581
674 670 114 754 807 840 213 766 920 758
32 361 562 526 282 867 937 546 18 597
54 698 790 508 751 351 458 899 540 715
5 5
14 3 701 141 987
801 91 955 538 683
396 646 122 627 316
790 421 818 179 111
456 857 236 590 25
3 3
216 935 208
954 286 70
336 313 790
10 10
291 312 112 255 285 919 3 819 109 652
30 367 320 689 572 904 67 706 286 677
341 626 231 171 864 865 942 613 102 412
855 744 851 184 786 778 13 895 546 883
770 215 878 308 318 370 408 941 986 934
148 412 71 820 888 502 976 45 346 325
788 548 380 689 792 786 586 679 947 597
222 586 565 156 801 897 448 313 98 150
492 992 697 734 403 315 335 772 456 48
900 515 62 124 625 763 291 811 519 752
5 5
821 620 381 796 196
234 811 539 152 455
932 890 913 914 376
424 200 961 942 794
468 752 238 559 233
3 3
808 347 142
835 340 766
426 17 919
10 10
939 384 138 151 480 84 964 236 68 422
765 582 372 274 515 550 891 189 658 166
944 37 799 948 263 665 462 591 957 996
38 446 689 123 876 256 748 663 594 569
34 677 142 415 200 751 21 581 645 577
294 473 151 605 602 774 166 751 630 285
524 487 216 67 663 87 663 933 290 146
46 508 549 4 564 22 630 861 252 896
797 964 716 440 374 445 174 580 945 819
154 649 941 85 634 674 330 427 438 220
5 5
993 439 6 263 103
858 859 468 926 159
474 405 80 71 106
373 534 539 983 720
974 367 475 655 708
3 3
639 842 564
596 976 244
750 122 266
10 10
283 332 737 615 985 572 233 542 858 227
156 439 41 514 380 269 306 887 270 767
367 448 90 183 97 632 769 702 421 847
495 97 458 643 814 552 757 314 718 267
484 727 517 812 691 514 832 121 263 237
237 927 849 896 38 119 185 48 39 949
369 568 533 4 83 609 58 421 480 67
194 25 789 790 446 449 1 117 937 752
810 774 549 107 121 442 111 78 575 639
217 466 343 78 41 124 513 820 255 82
5 5
769 468 550 240 447
832 43 743 279 36
102 81 279 534 591
148 761 98 388 985
225 736 29 663 63
3 3
909 802 394
466 833 273
666 224 522
10 10
804 582 856 814 714 125 527 626 569 283
160 70 9 960 874 63 704 93 629 621
719 366 469 808 598 228 114 189 476 887
91 102 836 590 743 854 108 594 162 556
108 537 923 653 668 79 415 995 420 559
298 397 370 154 309 281 575 203 163 934
349 338 549 875 738 176 229 103 838 817
202 650 197 335 156 421 291 602 349 25
180 778 862 782 56 885 457 744 777 614
561 957 506 987 787 905 82 895 501 931
5 5
696 253 57 447 363
526 785 646 339 642
673 908 573 820 29
871 442 777 254 607
200 835 394 605 596
3 3
982 192 873
129 873 69
442 668 114
10 10
124 732 584 657 477 459 69 204 409 694
677 290 565 144 369 346 182 146 693 462
379 594 398 771 578 412 530 818 123 991
816 831 590 47 527 617 798 490 576 334
380 632 841 326 349 288 857 825 974 639
813 124 925 71 406 110 114 339 414 234
337 398 806 925 985 498 533 315 187 974
726 513 851 396 555 540 674 247 200 337
378 288 779 533 247 190 405 111 699 894
277 709 453 695 331 35 126 341 491 484
5 5
715 73 550 793 512
198 485 706 680 725
832 620 365 644 719
326 794 898 118 18
881 877 375 20 776
3 3
447 275 18
172 669 194
121 985 626
10 10
506 367 200 813 565 973 937 991 36 179
17 1 397 140 40 211 575 354 397 970
871 841 218 425 587 11 605 794 250 936
814 923 434 457 289 654 635 471 148 932
566 884 667 9 134 469 218 923 741 886
704 48 518 574 351 463 136 841 259 98
646 78 275 895 40 155 764 275 598 817
222 721 794 203 248 462 111 77 150 205
225 271 676 722 948 118 999 723 73 730
204 34 874 165 300 148 371 189 136 632
5 5
626 932 314 821 693
588 261 873 632 903
493 47 395 610 592
786 244 330 152 105
915 237 182 515 612
3 3
829 864 910
540 684 554
902 52 696
10 10
211 260 929 284 837 968 995 750 533 74
860 275 843 295 742 231 271 669 474 689
6 182 545 370 908 587 907 725 22 962
709 606 639 803 954 775 84 769 917 61
845 957 754 539 735 320 154 842 926 365
343 668 776 177 355 960 640 766 682 365
74 968 569 719 890 819 314 241 836 107
333 308 794 890 561 864 481 311 336 911
48 347 519 11 945 302 685 975 684 989
623 112 435 284 722 214 959 844 370 235
5 5
921 979 570 979 420
80 326 93 252 199
296 751 302 515 852
324 267 823 690 951
597 141 878 150 156
3 3
28 909 92
655 623 935
432 281 614
10 10
358 58 74 531 586 326 412 74 715 518
944 744 30 848 480 785 411 594 87 274
155 518 699 763 265 918 93 180 518 736
423 539 611 381 429 777 981 182 238 255
559 471 46 115 904 185 292 249 32 757
458 153 87 439 128 750 596 40 262 515
334 244 795 932 311 577 665 981 958 101
613 944 231 737 76 553 869 565 66 169
259 663 478 241 209 18 123 30 224 199
838 442 956 521 360 404 878 8 682 386
5 5
368 861 618 18 979
373 217 310 499 315
100 981 342 1 758
706 840 771 499 723
911 455 673 560 377
3 3
236 831 526
943 532 201
649 224 489
10 10
827 740 969 787 50 674 281 323 908 464
582 498 510 408 449 632 232 741 304 140
69 520 64 117 825 497 284 850 677 127
161 319 50 933 681 997 999 232 340 78
44 572 152 867 844 753 247 890 546 580
984 141 437 776 619 107 99 61 465 719
465 516 623 272 129 574 687 238 40 794
972 833 465 400 476 722 810 974 863 230
648 20 337 242 905 844 43 790 481 400
217 878 827 535 304 594 102 272 182 839
5 5
180 490 640 633 432
475 81 897 585 89
529 430 857 586 866
937 232 702 929 587
293 755 960 565 422
3 3
383 769 347
155 878 827
625 326 327
10 10
568 491 596 369 344 49 312 247 634 389
62 294 942 293 239 571 519 464 916 214
638 586 661 510 771 200 299 500 550 864
242 563 292 580 590 33 991 972 373 352
488 936 408 752 364 540 203 815 985 848
488 882 733 613 749 900 906 346 864 925
483 163 304 629 616 434 460 105 227 772
634 900 614 915 658 934 51 926 227 560
391 134 872 820 253 557 967 198 106 796
359 119 461 238 706 981 752 444 41 137
5 5
308 204 815 814 669
876 350 21 42 298
892 908 814 872 389
729 486 207 668 187
240 953 280 964 704
3 3
313 651 652
330 203 331
688 843 602
10 10
190 523 541 329 608 595 768 225 828 855
803 249 870 166 464 638 232 503 80 871
439 189 317 923 885 217 759 930 991 50
393 153 556 698 237 923 901 451 375 566
320 1000 281 204 296 813 5 338 163 195
927 449 716 912 820 803 650 99 751 234
16 628 399 453 849 6 541 289 707 424
838 638 838 71 539 277 229 655 224 442
83 500 43 777 469 651 991 178 139 385
696 231 112 58 10 311 618 36 89 819
5 5
253 327 776 799 275
709 443 112 467 50
447 256 653 971 429
745 868 632 723 693
348 497 999 620 572
3 3
831 351 501
735 320 287
324 475 65
10 10
957 994 954 401 919 324 29 768 434 245
446 7 909 938 552 556 627 624 841 79
376 77 398 269 882 525 3 516 316 488
595 765 382 502 561 237 397 73 230 767
7 316 797 708 595 7 29 687 262 540
198 842 649 618 261 98 666 627 88 496
549 585 754 733 703 51 960 554 492 768
921 847 200 848 57 913 467 997 344 74
648 540 400 935 468 862 819 508 457 624
93 554 577 547 687 355 262 968 108 459
5 5
544 785 498 641 901
504 698 595 523 589
928 275 581 246 79
782 796 887 91 767
738 960 654 492 698
3 3
657 103 731
600 284 11
654 650 478
10 10
548 1 197 779 581 27 286 790 853 372
198 455 244 860 571 289 639 485 656 36
478 498 518 626 876 102 450 507 883 817
868 565 271 814 956 197 219 530 595 179
328 961 501 109 849 874 793 328 276 245
458 775 910 343 704 411 630 98 829 712
19 629 57 41 925 322 821 495 482 374
672 766 127 722 919 780 558 593 797 921
355 195 894 279 627 560 613 70 307 933
524 685 949 241 268 861 956 684 810 29
5 5
398 843 36 686 718
440 622 683 603 255
116 457 692 988 845
787 201 387 922 256
591 624 414 746 781
3 3
336 351 18
562 9 128
423 627 603
10 10
423 875 714 478 377 26 341 46 727 956
861 705 15 258 176 383 936 823 527 65
400 665 674 266 550 571 344 376 563 243
385 820 72 651 530 545 823 19 791 69
159 132 236 773 445 966 791 500 42 930
981 510 72 66 705 901 766 47 520 470
878 239 913 69 512 50 831 899 821 279
985 459 429 943 181 282 905 242 935 647
435 836 594 94 13 880 904 705 646 167
532 28 370 254 155 504 699 436 455 737
5 5
400 934 427 398 697
872 893 537 486 849
614 400 203 746 579
297 352 284 948 124
389 906 747 859 301
3 3
581 109 665
763 410 550
928 868 940
10 10
758 861 950 312 989 111 66 870 761 984
364 641 396 837 981 375 821 818 760 335
303 608 171 129 404 537 607 147 499 77
419 34 629 547 721 425 157 262 154 337
596 383 450 475 604 79 234 302 354 529
816 342 929 71 67 995 281 105 414 382
75 52 563 645 354 582 338 876 231 661
871 752 342 373 366 841 576 299 100 763
239 384 15 606 598 118 211 273 985 122
149 451 242 574 323 373 937 565 208 272
5 5
527 195 70 309 123
450 591 432 43 615
201 925 868 371 522
585 676 81 106 248
804 882 21 511 989
3 3
230 119 976
633 998 836
534 593 529
10 10
591 271 368 355 829 94 728 419 139 461
893 617 912 195 211 16 423 965 793 253
424 998 671 704 759 2 100 960 873 435
105 89 902 565 512 925 108 129 880 101
912 183 233 376 118 551 50 578 825 309
506 460 212 783 377 510 795 867 172 200
734 872 679 447 877 318 159 477 589 609
994 122 122 671 506 382 53 437 48 135
831 33 230 615 606 616 863 294 407 302
432 487 256 417 422 807 280 912 888 200
5 5
631 71 690 393 546
161 23 727 98 14
526 119 367 729 86
275 490 867 507 926
956 426 204 28 207
3 3
174 928 636
289 19 746
878 581 834
10 10
69 182 102 735 281 937 838 236 893 102
61 602 402 187 105 819 214 268 76 144
371 895 282 606 324 115 322 394 782 159
812 370 736 631 945 542 561 65 83 986
864 312 616 462 980 122 782 673 27 845
484 432 793 260 692 897 112 421 743 375
633 296 890 149 313 50 463 404 372 362
946 868 329 515 820 197 895 72 856 622
653 128 704 745 363 961 377 444 606 501
697 295 702 536 207 196 243 51 285 874
5 5
406 714 364 788 760
335 218 196 637 339
418 924 536 156 904
780 463 241 81 789
300 828 932 659 610
