1
100 500
1 80 44
2 100 56
2 27 43
2 82 29
1 33 34
1 36 36
1 66 67
2 76 69
1 74 24
2 17 81
2 66 68
2 90 60
2 91 23
2 88 88
1 74 25
1 36 43
2 38 48
2 57 24
1 54 11
2 64 51
2 75 18
2 86 15
1 66 37
2 41 84
1 81 7
2 11 98
1 20 65
2 71 94
2 28 84
1 33 18
1 68 28
1 87 58
1 67 43
1 40 40
1 63 71
1 13 93
2 69 85
1 77 67
1 48 14
1 73 33
1 87 59
1 80 2
2 28 33
1 98 17
2 99 64
2 74 76
1 34 89
1 38 19
1 17 32
2 9 60
1 18 5
2 1 18
1 23 76
2 80 50
1 91 50
2 33 18
2 16 75
2 79 97
1 85 34
1 52 80
2 31 65
2 48 73
2 73 59
1 70 11
1 49 16
2 42 39
2 85 78
2 35 86
2 44 37
1 79 85
2 16 14
1 61 78
1 27 10
2 63 62
1 96 74
2 11 41
1 56 94
2 14 57
1 44 91
2 11 52
2 83 7
2 99 68
1 9 11
2 38 92
2 18 14
2 91 27
2 57 82
1 63 73
2 22 31
1 65 96
2 30 80
2 99 2
1 48 11
1 57 84
1 50 18
2 74 60
2 29 2
2 41 44
2 87 7
1 7 34
1 15 67
2 4 66
2 1 8
2 58 54
1 21 54
2 36 60
1 24 21
1 89 15
2 100 74
2 1 70
2 56 82
2 13 59
2 33 54
2 66 60
2 88 42
1 49 76
2 38 81
2 76 87
2 20 96
1 66 35
1 92 39
1 92 74
1 7 60
2 48 8
2 57 44
1 74 54
1 69 30
2 9 32
1 93 59
1 17 94
1 10 73
2 12 9
1 84 62
2 89 61
2 22 90
2 84 75
2 29 59
2 80 60
2 29 90
2 24 81
1 26 49
2 81 85
2 59 50
2 76 94
2 90 32
2 45 74
2 65 57
2 95 65
2 35 77
1 53 27
2 15 7
2 7 41
1 68 70
1 40 48
2 47 85
1 60 27
1 18 35
2 62 44
2 40 84
2 11 71
2 85 73
2 26 76
2 64 16
2 41 58
1 85 24
2 98 62
2 63 50
2 3 6
1 11 38
1 54 22
2 6 11
2 80 25
1 88 9
2 46 61
1 52 94
1 91 72
1 88 79
1 93 98
1 32 24
1 70 66
2 44 33
2 22 14
2 26 88
2 99 44
1 16 40
2 19 47
2 97 65
2 68 28
2 94 55
2 60 46
2 89 80
2 100 64
1 44 48
2 90 86
2 8 48
2 90 97
2 16 91
2 78 59
1 8 66
2 7 40
1 90 76
2 95 87
2 18 89
2 40 60
1 74 16
2 84 59
2 26 56
1 90 9
1 31 1
1 4 4
2 21 95
2 24 27
2 64 93
1 88 96
1 86 53
2 62 16
1 96 13
2 36 5
2 39 52
2 20 34
1 58 10
2 67 40
2 1 72
2 58 36
1 55 40
2 29 98
1 97 25
1 65 24
2 77 94
2 72 74
1 56 66
2 39 63
2 68 95
1 7 36
2 45 70
2 91 51
1 51 19
2 20 40
1 55 2
1 46 95
1 49 47
1 91 38
1 15 48
1 81 18
1 39 55
2 8 5
1 4 80
2 36 6
2 45 22
1 49 54
1 84 64
1 82 21
2 31 86
2 40 8
1 56 5
2 16 59
1 95 74
2 18 89
1 16 65
2 47 60
2 99 97
2 98 64
2 7 78
1 27 10
1 53 25
1 95 50
2 12 62
1 18 80
2 5 100
2 19 47
2 42 59
2 94 30
2 14 50
2 64 3
2 79 100
2 12 59
2 17 80
1 6 11
2 89 20
1 92 86
1 92 94
1 74 59
1 44 28
2 99 19
2 92 70
1 73 89
2 98 62
1 13 96
1 18 40
1 33 17
2 31 20
1 88 83
2 32 51
1 33 41
2 20 84
1 17 70
1 62 11
1 34 89
2 32 97
1 76 67
1 41 65
2 24 34
1 98 41
1 10 90
2 45 88
2 7 46
1 54 24
1 82 46
1 93 51
2 7 7
1 54 34
2 57 17
2 86 35
2 59 43
2 61 54
2 50 81
1 94 14
2 79 18
2 100 35
2 18 87
1 85 65
2 89 32
2 93 40
2 24 63
1 58 36
1 94 83
1 73 18
2 100 60
1 33 42
1 19 93
1 26 69
2 91 87
1 46 57
2 68 21
2 55 19
1 29 55
1 32 53
2 4 27
1 21 97
2 50 93
1 89 34
2 10 92
2 41 18
2 48 53
1 13 12
2 84 31
1 36 75
2 100 46
1 43 9
1 71 76
1 18 98
2 58 54
1 11 29
1 30 57
1 2 25
2 3 95
1 16 58
2 58 88
2 50 39
2 30 70
1 43 75
1 64 14
1 29 32
1 23 93
2 93 21
2 91 71
2 35 59
2 77 73
2 56 35
1 81 82
2 74 93
1 91 99
2 24 100
2 17 92
2 10 6
1 89 21
2 16 12
2 65 66
2 10 96
1 49 72
2 91 94
2 24 16
1 56 50
1 14 99
1 97 51
1 64 93
1 42 14
2 48 83
1 46 42
2 25 33
1 16 17
2 22 25
1 30 100
2 66 36
1 12 31
1 53 70
2 56 33
1 46 50
1 98 37
2 10 28
2 7 22
2 48 65
2 21 4
1 58 6
2 38 37
1 83 6
2 87 91
1 58 57
2 37 90
2 19 68
1 23 65
2 65 78
1 80 46
2 95 8
1 68 28
1 11 83
2 58 73
1 74 74
2 55 73
1 25 100
2 72 12
1 51 60
1 67 8
2 33 75
1 82 82
2 75 52
1 70 17
2 46 54
1 15 48
1 21 49
1 17 62
2 5 64
1 98 7
2 57 88
2 29 71
1 31 98
2 64 15
1 18 85
2 93 75
2 55 11
1 97 53
1 31 7
2 23 51
2 9 77
2 98 45
1 4 82
1 2 69
2 89 83
2 88 52
1 25 42
2 97 13
2 76 9
1 54 23
1 51 32
2 11 44
1 52 27
1 34 22
2 71 72
2 32 26
2 80 82
2 85 38
2 32 50
1 41 39
1 63 32
2 4 39
2 28 21
1 15 84
2 2 44
2 42 51
1 61 94
2 38 47
1 84 94
1 37 92
2 9 71
2 63 92
2 14 84
2 42 32
2 47 8
1 69 59
2 69 59
2 93 32
1 50 5
2 77 19
2 88 24
1 20 97
2 86 96
2 99 7
2 41 65
2 23 48
2 4 67
1 77 8
1 32 5
1 48 98
2 39 47
2 1 55
2 23 8
1 77 97
1 71 36
1 17 81
2 82 99